[gd_scene format=3 uid="uid://dn25fx7svp4er"]

[ext_resource type="PackedScene" uid="uid://bs72ogkvdd7d6" path="res://scenes/player.tscn" id="1_uwrxv"]
[ext_resource type="Material" uid="uid://8sl4788xkkq8" path="res://Materials/Forest_floor.tres" id="2_iywne"]
[ext_resource type="Texture2D" uid="uid://b2w1kmtccwb3q" path="res://hdri/qwantani_night_puresky_4k.exr" id="2_lnu2h"]
[ext_resource type="PackedScene" uid="uid://dvv3vok31dem0" path="res://scenes/fire.tscn" id="3_lbhrr"]
[ext_resource type="PackedScene" uid="uid://camnamx0y6klp" path="res://scenes/tree.tscn" id="4_lbhrr"]
[ext_resource type="Texture2D" uid="uid://x6vnnvvav2f5" path="res://Materials/textures/forest floor/forest_leaves_04_diff_2k.jpg" id="6_u5sy4"]
[ext_resource type="Texture2D" uid="uid://dx13tqxx2eoej" path="res://Materials/textures/forest floor/forest_leaves_04_nor_gl_2k.jpg" id="7_gee14"]

[sub_resource type="PanoramaSkyMaterial" id="PanoramaSkyMaterial_uwrxv"]
panorama = ExtResource("2_lnu2h")
energy_multiplier = 0.0

[sub_resource type="Sky" id="Sky_uwrxv"]
sky_material = SubResource("PanoramaSkyMaterial_uwrxv")

[sub_resource type="Environment" id="Environment_ehsp5"]
background_mode = 2
sky = SubResource("Sky_uwrxv")
ambient_light_source = 1

[sub_resource type="Gradient" id="Gradient_0tnpc"]
offsets = PackedFloat32Array(0.2, 1)
colors = PackedColorArray(1, 1, 1, 1, 0, 0, 0, 1)

[sub_resource type="FastNoiseLite" id="FastNoiseLite_vtaks"]
noise_type = 2
frequency = 0.03
cellular_jitter = 3.0
cellular_return_type = 0
domain_warp_enabled = true
domain_warp_type = 1
domain_warp_amplitude = 50.0
domain_warp_fractal_type = 2
domain_warp_fractal_lacunarity = 1.5
domain_warp_fractal_gain = 1.0

[sub_resource type="NoiseTexture2D" id="NoiseTexture2D_kvpfn"]
noise = SubResource("FastNoiseLite_vtaks")
color_ramp = SubResource("Gradient_0tnpc")
seamless = true

[sub_resource type="Terrain3DMaterial" id="Terrain3DMaterial_dinhu"]
_shader_parameters = {
&"bias_distance": null,
&"blend_sharpness": 0.0,
&"depth_blur": null,
&"enable_macro_variation": null,
&"enable_projection": false,
&"flat_terrain_normals": null,
&"macro_variation1": null,
&"macro_variation2": null,
&"macro_variation_slope": null,
&"mipmap_bias": null,
&"noise1_angle": null,
&"noise1_offset": null,
&"noise1_scale": null,
&"noise2_scale": null,
&"noise_texture": SubResource("NoiseTexture2D_kvpfn"),
&"projection_threshold": null
}
world_background = 0

[sub_resource type="StandardMaterial3D" id="StandardMaterial3D_u5sy4"]
transparency = 4
cull_mode = 2
vertex_color_use_as_albedo = true
backlight_enabled = true
backlight = Color(0.5, 0.5, 0.5, 1)
distance_fade_mode = 1
distance_fade_min_distance = 128.0
distance_fade_max_distance = 96.0

[sub_resource type="Terrain3DMeshAsset" id="Terrain3DMeshAsset_gee14"]
generated_type = 1
height_offset = 0.5
material_override = SubResource("StandardMaterial3D_u5sy4")
last_lod = 0
last_shadow_lod = 0
lod0_range = 128.0

[sub_resource type="Terrain3DTextureAsset" id="Terrain3DTextureAsset_ir15t"]
name = "forest_leaves_04_diff_2k"
albedo_texture = ExtResource("6_u5sy4")
normal_texture = ExtResource("7_gee14")
normal_depth = 1.0
roughness = 0.5
uv_scale = 0.5
detiling_rotation = 0.5
detiling_shift = 0.1

[sub_resource type="Terrain3DAssets" id="Terrain3DAssets_ca42v"]
mesh_list = Array[Terrain3DMeshAsset]([SubResource("Terrain3DMeshAsset_gee14")])
texture_list = Array[Terrain3DTextureAsset]([SubResource("Terrain3DTextureAsset_ir15t")])

[node name="Game" type="Node3D" unique_id=861187367]

[node name="DirectionalLight3D" type="DirectionalLight3D" parent="." unique_id=1222683664]
transform = Transform3D(-0.8660254, -0.43301278, 0.25, 0, 0.49999997, 0.86602545, -0.50000006, 0.75, -0.43301266, 0, 11.54491, 0)
visible = false
shadow_enabled = true

[node name="ProtoController" parent="." unique_id=1674435093 instance=ExtResource("1_uwrxv")]
transform = Transform3D(1, 0, 0, 0, 1, 0, 0, 0, 1, -0.6149998, 0.72209024, -0.81708074)

[node name="OmniLight3D" type="OmniLight3D" parent="ProtoController" unique_id=1489021978]
transform = Transform3D(1, 0, 0, 0, 1, 0, 0, 0, 1, 0, 2.367954, 0)
light_color = Color(1, 0.74903643, 0.48577863, 1)
light_energy = 0.842
light_volumetric_fog_energy = 0.683
light_size = 0.119
shadow_enabled = true
omni_range = 5.741233

[node name="CSGCombiner3D" type="CSGCombiner3D" parent="." unique_id=1670689461]
visible = false
use_collision = true

[node name="CSGBox3D" type="CSGBox3D" parent="CSGCombiner3D" unique_id=1040101533]
transform = Transform3D(18.65314, 0, 0, 0, 1, 0, 0, 0, 18.65314, -0.008432776, -0.2018218, 0.0031776428)
use_collision = true
size = Vector3(1, 0.59521484, 1)
material = ExtResource("2_iywne")

[node name="WorldEnvironment" type="WorldEnvironment" parent="." unique_id=433989800]
environment = SubResource("Environment_ehsp5")

[node name="Fire" parent="." unique_id=1964473192 instance=ExtResource("3_lbhrr")]
transform = Transform3D(1, 0, 0, 0, 1, 0, 0, 0, 1, -1.257704, 0.45, -0.10192512)

[node name="Terrain3D" type="Terrain3D" parent="." unique_id=323984219]
data_directory = "res://terrain_data"
material = SubResource("Terrain3DMaterial_dinhu")
assets = SubResource("Terrain3DAssets_ca42v")
top_level = true
metadata/_edit_lock_ = true

[node name="Trees" type="Node" parent="." unique_id=2026182632]

[node name="Tree" parent="Trees" unique_id=1789272305 instance=ExtResource("4_lbhrr")]
transform = Transform3D(0.9585764, 0, -0.28483552, 0, 1, 0, 0.28483552, 0, 0.9585764, 3.2821162, -0.36840355, 0.18199682)

[node name="Tree2" parent="Trees" unique_id=482722032 instance=ExtResource("4_lbhrr")]
transform = Transform3D(0.8934605, 0, -0.44914174, 0, 1, 0, 0.44914174, 0, 0.8934605, 2.4144707, 0.105790734, -4.0876155)

[node name="Tree3" parent="Trees" unique_id=1944820141 instance=ExtResource("4_lbhrr")]
transform = Transform3D(1, 0, 0, 0, 1, 0, 0, 0, 1, -2.7552722, -0.024591565, 3.1879044)

[node name="Tree4" parent="Trees" unique_id=158162495 instance=ExtResource("4_lbhrr")]
transform = Transform3D(1, 0, 0, 0, 1, 0, 0, 0, 1, -1.9354272, -0.2993176, -4.268274)

[node name="Tree5" parent="Trees" unique_id=837801014 instance=ExtResource("4_lbhrr")]
transform = Transform3D(0.8020657, 0, 0.5972358, 0, 1, 0, -0.5972358, 0, 0.8020657, 1.2829914, -0.21298945, -8.0996685)

[node name="Tree6" parent="Trees" unique_id=1264882092 instance=ExtResource("4_lbhrr")]
transform = Transform3D(0.93850464, 0, 0.34526667, 0, 1, 0, -0.34526667, 0, 0.93850464, -6.2418633, 0.105790734, -4.560842)

[node name="Tree7" parent="Trees" unique_id=1573187825 instance=ExtResource("4_lbhrr")]
transform = Transform3D(-0.52991104, 0, -0.8480532, 0, 1, 0, 0.8480532, 0, -0.52991104, -6.3276467, 0.23221833, 0.40723467)

[node name="Tree8" parent="Trees" unique_id=883130378 instance=ExtResource("4_lbhrr")]
transform = Transform3D(1, 0, 0, 0, 1, 0, 0, 0, 1, -6.722473, 0.6162865, 4.7872286)

[node name="Tree9" parent="Trees" unique_id=749788624 instance=ExtResource("4_lbhrr")]
transform = Transform3D(1, 0, 0, 0, 1, 0, 0, 0, 1, 2.9231853, 0.10578978, 4.8734703)

[node name="Tree10" parent="Trees" unique_id=3582089 instance=ExtResource("4_lbhrr")]
transform = Transform3D(0.14035395, 0, -0.99010146, 0, 1, 0, 0.99010146, 0, 0.14035395, -1.9767078, 0.10578978, 7.1565156)
