[gd_scene format=3 uid="uid://dn25fx7svp4er"]

[ext_resource type="PackedScene" uid="uid://bs72ogkvdd7d6" path="res://scenes/player.tscn" id="1_uwrxv"]
[ext_resource type="Material" uid="uid://8sl4788xkkq8" path="res://Materials/Forest_floor.tres" id="2_iywne"]
[ext_resource type="Texture2D" uid="uid://b2w1kmtccwb3q" path="res://hdri/qwantani_night_puresky_4k.exr" id="2_lnu2h"]
[ext_resource type="PackedScene" uid="uid://dvv3vok31dem0" path="res://scenes/fire.tscn" id="3_lbhrr"]
[ext_resource type="PackedScene" uid="uid://camnamx0y6klp" path="res://scenes/tree.tscn" id="4_lbhrr"]
[ext_resource type="PackedScene" uid="uid://chgbwq3y3eoui" path="res://scenes/items/stick.tscn" id="5_iywne"]
[ext_resource type="PackedScene" uid="uid://d01s1e40ngqn6" path="res://scenes/items/stick2.tscn" id="7_u5sy4"]

[sub_resource type="PanoramaSkyMaterial" id="PanoramaSkyMaterial_uwrxv"]
panorama = ExtResource("2_lnu2h")
energy_multiplier = 0.0

[sub_resource type="Sky" id="Sky_uwrxv"]
sky_material = SubResource("PanoramaSkyMaterial_uwrxv")

[sub_resource type="Environment" id="Environment_ehsp5"]
background_mode = 2
sky = SubResource("Sky_uwrxv")
ambient_light_source = 1

[node name="Game" type="Node3D" unique_id=861187367]

[node name="DirectionalLight3D" type="DirectionalLight3D" parent="." unique_id=1222683664]
transform = Transform3D(-0.8660254, -0.43301278, 0.25, 0, 0.49999997, 0.86602545, -0.50000006, 0.75, -0.43301266, 0, 11.54491, 0)
visible = false
shadow_enabled = true

[node name="ProtoController" parent="." unique_id=1674435093 instance=ExtResource("1_uwrxv")]
transform = Transform3D(1, 0, 0, 0, 1, 0, 0, 0, 1, -0.6149998, 0.72209024, -0.81708074)

[node name="OmniLight3D" type="OmniLight3D" parent="ProtoController" unique_id=1489021978]
transform = Transform3D(1, 0, 0, 0, 1, 0, 0, 0, 1, 0, 2.367954, 0)
light_color = Color(1, 0.74903643, 0.48577863, 1)
light_energy = 0.842
light_volumetric_fog_energy = 0.683
light_size = 0.119
shadow_enabled = true
omni_range = 5.741233

[node name="CSGCombiner3D" type="CSGCombiner3D" parent="." unique_id=1670689461]
use_collision = true

[node name="CSGBox3D" type="CSGBox3D" parent="CSGCombiner3D" unique_id=1040101533]
transform = Transform3D(18.65314, 0, 0, 0, 1, 0, 0, 0, 18.65314, -0.008432776, -0.2018218, 0.0031776428)
use_collision = true
size = Vector3(1, 0.59521484, 1)
material = ExtResource("2_iywne")

[node name="WorldEnvironment" type="WorldEnvironment" parent="." unique_id=433989800]
environment = SubResource("Environment_ehsp5")

[node name="Fire" parent="." unique_id=1964473192 instance=ExtResource("3_lbhrr")]
transform = Transform3D(1, 0, 0, 0, 1, 0, 0, 0, 1, -1.257704, 0.45, -0.10192512)

[node name="Tree7" parent="." unique_id=1789272305 instance=ExtResource("4_lbhrr")]
transform = Transform3D(0.9643597, 0, -0.2645962, 0, 1, 0, 0.2645962, 0, 0.9643597, 2.739606, 0, 3.1814325)

[node name="Tree6" parent="." unique_id=1044977466 instance=ExtResource("4_lbhrr")]
transform = Transform3D(0.61617386, 0, 0.78761053, 0, 1, 0, -0.78761053, 0, 0.61617386, -2.406003, 0, 4.6493626)

[node name="Tree5" parent="." unique_id=2087416220 instance=ExtResource("4_lbhrr")]
transform = Transform3D(0.6965029, 0, -0.71755433, 0, 1, 0, 0.71755433, 0, 0.6965029, -4.9281425, 0, 5.7464514)

[node name="Tree4" parent="." unique_id=1487291046 instance=ExtResource("4_lbhrr")]
transform = Transform3D(0.03341654, 0, -0.99944174, 0, 1, 0, 0.99944174, 0, 0.03341654, -6.5781116, 0, 1.4387136)

[node name="Tree3" parent="." unique_id=1923205768 instance=ExtResource("4_lbhrr")]
transform = Transform3D(0.7889859, 0, 0.6144114, 0, 1, 0, -0.6144114, 0, 0.7889859, -5.563142, 0, -3.3249993)

[node name="Tree2" parent="." unique_id=1968511858 instance=ExtResource("4_lbhrr")]
transform = Transform3D(0.19873896, 0, 0.9800525, 0, 1, 0, -0.9800525, 0, 0.19873896, -0.4385352, 0, -3.576307)

[node name="Tree1" parent="." unique_id=2009173629 instance=ExtResource("4_lbhrr")]
transform = Transform3D(0.13028094, 0, -0.99147713, 0, 1, 0, 0.99147713, 0, 0.13028094, 3.6703591, 0, 0)

[node name="Collectible" parent="." unique_id=1934788532 instance=ExtResource("5_iywne")]
transform = Transform3D(1, 0, 0, 0, 1, 0, 0, 0, 1, -3.5411036, 0.5957856, -1.0553927)

[node name="Collectible2" parent="." unique_id=901236699 instance=ExtResource("5_iywne")]
transform = Transform3D(1, 0, 0, 0, 1, 0, 0, 0, 1, 0.52815104, 0.5957856, 2.009926)

[node name="Collectible3" parent="." unique_id=4133468 instance=ExtResource("7_u5sy4")]
transform = Transform3D(1, 0, 0, 0, 1, 0, 0, 0, 1, -2.300042, 0.5957856, -5.006621)
